"","country","city.pop","mean.range","mean.rain","mean.hum","mean.mean","cum.cases","avg.cases","max.b","avg.b","local.trans","mean.mean.sq"
"Dominican_Republic-Distrito_Nacional","Dominican_Republic",1022236,6.38900646678425,31.4243035460993,77.5171428571429,27.1964726631393,1014,32.7096774193548,1.27562716905647,-0.167501076899071,1,739.648125316885
"Dominican_Republic-Independencia","Dominican_Republic",17829,8.57750759878419,8.38255319148936,70.3586626139818,27.5410334346505,79,9.875,1.27554714981739,-1.57651606177811,1,758.508522648534
"Dominican_Republic-Barahona","Dominican_Republic",84442,8.57750759878419,8.38255319148936,70.3586626139818,27.5410334346505,33,3.66666666666667,0.28726642488351,-2.1353631560619,1,758.508522648534
"Dominican_Republic-Puerto_Plata","Dominican_Republic",163137,6.09270516717325,36.8134347826087,83.3039513677812,27.112124282337,236,9.83333333333333,2.07838127331091,-0.00493143736010269,1,735.06728310089
"Dominican_Republic-Santiago","Dominican_Republic",734026,9.04536755600585,24.0377673758865,53.8861195542047,25.5575481256332,333,10.741935483871,1.5961975236579,0.21352353063112,1,653.188266194059
"Dominican_Republic-Azua","Dominican_Republic",93969,8.57750759878419,8.38255319148936,70.3586626139818,27.5410334346505,135,5.8695652173913,2.07440173256945,-0.602908392876819,1,758.508522648534
"Dominican_Republic-San_Cristobal","Dominican_Republic",618165,6.45606214116852,35.1049617021277,79.6006079027356,27.5498142519419,345,13.8,2.87086414208876,0.42921082458664,1,758.992265316502
"Dominican_Republic-San_Pedro_de_Macoris","Dominican_Republic",301215,8.30699088145897,0,80.3252279635258,26.5896656534954,50,2.94117647058824,1.79772134602856,-0.767365068837228,1,707.010319564675
"Dominican_Republic-Espaillat","Dominican_Republic",184027,9.04536755600585,24.0377673758865,53.8861195542047,25.5575481256332,148,6.16666666666667,1.71652259730293,-0.190909441755623,1,653.188266194059
"Dominican_Republic-La_Vega","Dominican_Republic",256146,7.76056731334509,11.9845666666667,79.2260846560847,21.9053203997648,90,3.75,2.5096301032529,-0.0775409895634238,1,479.843061816354
"Dominican_Republic-Monte_Cristi","Dominican_Republic",37777,9.93313069908815,12.23,82.3647416413374,26.258358662614,17,3.4,3.75858112973569,0.0217616167651135,1,689.501399654475
"Dominican_Republic-Peravia","Dominican_Republic",165446,7.0112293144208,19.8831560283688,80.9083080040527,27.2412754699989,60,3.33333333333333,1.77453542722848,-0.699144542665674,1,742.087089232362
"Dominican_Republic-Hermanas_Mirabal","Dominican_Republic",39613,9.04536755600585,24.0377673758865,53.8861195542047,25.5575481256332,22,2,1.86580099899319,-0.854809940556259,1,653.188266194059
"Dominican_Republic-Valverde","Dominican_Republic",81575,9.63949116289542,20.5309460992908,80.6965552178318,26.8485252729934,125,5.68181818181818,1.84436785300851,-0.0856594463187257,1,720.843309334563
"Dominican_Republic-Maria_Trinidad_Sanchez","Dominican_Republic",77192,7.35866261398176,0,83.6413373860182,26.1580547112462,21,1.90909090909091,2.49068285151027,-0.854747746276647,1,684.24382627655
"Dominican_Republic-San_Juan","Dominican_Republic",225318,9.75903411009794,22.3844255319149,66.6565349544073,25.5876393110436,35,2.05882352941176,1.29422692814047,-0.861997894331181,1,654.727285512062
"Dominican_Republic-Duarte","Dominican_Republic",192669,7.35866261398176,0,83.6413373860182,26.1580547112462,53,4.07692307692308,1.55303270974841,-0.873261931108276,1,684.24382627655
"Dominican_Republic-Pedernales","Dominican_Republic",26202,8.57750759878419,8.38255319148936,70.3586626139818,27.5410334346505,11,2.75,0.620100076167097,-2.74344441333304,1,758.508522648534
"Dominican_Republic-La_Romana","Dominican_Republic",150862,6.60182370820669,7.44869565217391,80.3860182370821,26.9057750759878,68,3.77777777777778,2.38580025898048,-0.49895168155413,1,723.920732439649
"Dominican_Republic-La_Altagracia","Dominican_Republic",303820,6.60182370820669,7.44869565217391,80.3860182370821,26.9057750759878,164,6.56,3.29871579641392,0.190456730122062,1,723.920732439649
"Dominican_Republic-Baoruco","Dominican_Republic",37508,9.75903411009794,22.3844255319149,66.6565349544073,25.5876393110436,12,2.4,2.49069307654382,-1.35945452516624,1,654.727285512062
"Dominican_Republic-Dajabon","Dominican_Republic",28865,9.93313069908815,12.23,82.3647416413374,26.258358662614,26,2.16666666666667,1.79753752314726,-0.622630423308503,1,689.501399654475
"Dominican_Republic-Elias_Pina","Dominican_Republic",26077,7.84954407294833,0,64.3951367781155,28.7917933130699,8,1.6,2.89613046009913,-0.862504232856807,1,828.967362182537
"Dominican_Republic-El_Seibo","Dominican_Republic",70026,6.294708994709,58.4925714285714,84.3928571428571,25.8414021164021,16,1.33333333333333,2.15771748305954,-0.618914758386371,1,667.778063341592
"Dominican_Republic-Samana","Dominican_Republic",13857,6.7075593830913,45.0168985507246,84.1058763931104,26.8617584149499,55,3.92857142857143,2.56597420681322,-0.158630065089071,1,721.554065143132
"Dominican_Republic-Sanchez_Ramirez","Dominican_Republic",76875,9.16262939958592,19.3450723404255,79.0984472049689,26.2712560386473,26,2,1.38396573399348,-1.14307307644023,1,690.178893848165
"Dominican_Republic-Santiago-Rodriguez","Dominican_Republic",34490,9.63949116289542,20.5309460992908,80.6965552178318,26.8485252729934,24,2.18181818181818,2.49066702062048,-0.564578853700441,1,720.843309334563
"Dominican_Republic-Monsenor_Nouel","Dominican_Republic",130381,9.16262939958592,19.3450723404255,79.0984472049689,26.2712560386473,49,2.33333333333333,2.49092880410163,-0.236489370772624,1,690.178893848165
"Dominican_Republic-Monte_Plata","Dominican_Republic",56447,7.74164133738602,0,71.9635258358663,27.6048632218845,61,3.38888888888889,1.56790720171333,-0.688740515562999,1,762.028473498951
"Dominican_Republic-Hato_Mayor","Dominican_Republic",61981,8.30699088145897,0,80.3252279635258,26.5896656534954,48,4.36363636363636,2.16733516823988,-0.724171598274023,1,707.010319564675
"Dominican_Republic-San_Jose_de_Ocoa","Dominican_Republic",56027,9.16262939958592,19.3450723404255,79.0984472049689,26.2712560386473,120,4.8,1.91636678156348,-0.138023199704007,1,690.178893848165
"El_Salvador-Cabanas","El_Salvador",73597,10.6737560192616,0,72.7355537720706,25.604735152488,471,8.41071428571429,2.07707895923757,-0.0188908519058762,1,655.602462229053
"El_Salvador-Chalatenango","El_Salvador",31364,12.0208667736758,16.2866292134831,74.8266452648475,23.9646869983949,830,12.7692307692308,2.77133968904552,0.446267254750659,1,574.306222931036
"El_Salvador-Cuscatlan","El_Salvador",57915,9.22025481968011,22.1748812260536,79.6059113300493,24.4721462020313,734,11.8387096774194,2.16041418843175,0.367749614717813,1,598.885939733593
"El_Salvador-La_Libertad","El_Salvador",139814,9.22025481968011,22.1748812260536,79.6059113300493,24.4721462020313,1601,23.2028985507246,2.76938799508656,0.514323537292357,1,598.885939733593
"El_Salvador-La_Paz","El_Salvador",71173,9.8908507223114,0,73.4109149277689,27.9390048154093,250,5.31914893617021,1.79818683515677,-0.322963175601644,1,780.587990075465
"El_Salvador-La_Union","El_Salvador",47239,12.3888888888889,0,60.7457010582011,28.3615740740741,83,2.44117647058824,2.66020748424769,-0.313238308456088,1,804.378883959191
"El_Salvador-San_Miguel","El_Salvador",265921,12.3888888888889,0,60.7457010582011,28.3615740740741,294,5.15789473684211,2.89668873510955,0.173499363330693,1,804.378883959191
"El_Salvador-San_Salvador","El_Salvador",283223,9.22025481968011,22.1748812260536,79.6059113300493,24.4721462020313,5150,55.3763440860215,1.98812048256651,0.573648413758093,1,598.885939733593
"El_Salvador-San_Vicente","El_Salvador",61373,9.8908507223114,0,73.4109149277689,27.9390048154093,642,11.2631578947368,2.07775860284226,0.0895065314274306,1,780.587990075465
"El_Salvador-Santa_Ana","El_Salvador",272554,9.81701444622793,0,67.0288924558588,24.3739967897271,852,11.8333333333333,2.49208348816058,0.324932791407761,1,594.091719505628
"El_Salvador-Sonsonate","El_Salvador",80727,7.79472329472329,0,65.2354247104247,28.802574002574,145,2.73584905660377,2.07452544537164,0.020842835820974,1,829.588269173752
"El_Salvador-Usulutan","El_Salvador",374915,12.3888888888889,0,60.7457010582011,28.3615740740741,280,5.28301886792453,1.71586931708544,-0.134828153509653,1,804.378883959191
"Colombia-Norte_Santander","Colombia",640400,4.17460317460317,5.17972222222222,69.1190476190476,31.3531746031746,55,2.75,2.03279139083024,0.0730672443530504,1,983.021557697153
"Colombia-Huila","Colombia",326200,10.7361693121693,14.8888026666667,68.0486666666667,19.1042698412698,51,2.125,1.24777994988878,-0.0977210491176395,1,364.973126168052
"Colombia-Cordoba","Colombia",352300,5.05092592592593,9.24740740740741,75.2215608465608,28.5714285714286,12,2,3.46056735451644,0.385400821934673,1,816.326530612245
"Colombia-Valle","Colombia",2383500,11.4087301587302,7.16805555555556,79.8293650793651,24.3174603174603,764,20.6486486486486,2.19738303348933,0.636815426792865,1,591.338876291257
"Colombia-Tolima","Colombia",533400,9.6765873015873,6.30166666666667,74.7440476190476,24.2169312169312,88,3.38461538461538,1.74285287155675,-0.0999146138772392,1,586.459757565578
"Colombia-Cesar","Colombia",405100,10.4312169312169,2.92111111111111,58.2156084656085,29.2380952380952,38,1.72727272727273,1.79752905437078,0.102431698888338,1,854.866213151927
"Colombia-Sucre","Colombia",265400,10.2103174603175,9.24740740740741,75.2215608465608,28.5310846560847,28,1.47368421052632,1.24080370002108,-0.348293932658428,1,814.022791652669
"Colombia-Magdalena","Colombia",482700,7.6468253968254,0.388055555555556,80.2142857142857,28.4920634920635,8,2,2.17488445166921,-1.19063515797498,1,811.797682035777
"Colombia-Antioquia","Colombia",2480000,9.98888888888889,0,61.4587301587302,22.5515873015873,51,2.21739130434783,2.76741805534367,0.606007869608101,1,508.574089821114
"Colombia-Meta","Colombia",482000,7.91732804232804,16.2436111111111,77.5390211640212,27.8518518518519,52,2.6,1.93920559929533,0.117254326338935,1,775.725651577503
"Colombia-Santander","Colombia",522100,8.88415258576549,20.3077096774194,88.5253456221198,21.5926779313876,145,4.53125,1.0457832031487,-0.0560854989504999,1,466.243740248633
"Colombia-Caqueta","Colombia",157000,8.97222222222222,22.7202777777778,80.9642857142857,17.5793650793651,13,2.6,1.97772836057364,-1.48015284598494,1,309.0340765936
"Colombia-Cundinamarca","Colombia",527600,10.9365079365079,6.56888888888889,74.6825396825397,14.0674603174603,58,2.63636363636364,1.35323344419142,-0.150198200784071,1,197.893439783321
"Colombia-Guajira","Colombia",236800,8.23280423280423,0.6275,66.8611111111111,28.7691798941799,10,2,-Inf,0,0,827.665711783685
"Colombia-Arauca","Colombia",78900,9.01256613756614,17.9562962962963,77.0006613756614,27.1818783068783,11,1.1,2.10324662256796,-0.663725833154906,1,738.854508289941
"Colombia-Risaralda","Colombia",401200,9.27777777777778,11.3308333333333,78.0079365079365,22.0952380952381,34,1.54545454545455,2.03664550848103,0.172924550574652,1,488.199546485261
"Colombia-Casanare","Colombia",130900,10.9365079365079,6.56888888888889,74.6825396825397,14.0674603174603,52,2.08,1.95446018338623,0.112790342452405,1,197.893439783321
"Colombia-Putumayo","Colombia",36100,10.3333333333333,13.2927777777778,78.6706349206349,22.297619047619,26,2.16666666666667,2.76742603456472,0.323101883666105,1,497.183815192744
"Colombia-Caldas","Colombia",371300,9.27777777777778,11.3308333333333,78.0079365079365,22.0952380952381,23,1.64285714285714,3.18383359765442,0.195731543916824,1,488.199546485261
"Colombia-Amazonas","Colombia",26600,10.4312169312169,2.92111111111111,58.2156084656085,29.2380952380952,15,1.875,1.217792793856,-1.51829276140045,1,854.866213151927
"Colombia-San_Andres","Colombia",53700,4.19505494505495,11.098,80.6181318681319,27.5631868131868,3,1.5,-Inf,0,0,759.729267298635
"Colombia-Boyaca","Colombia",187700,10.1947310405644,15.0480888888889,78.6595238095238,15.113778659612,15,1.875,2.07433499330784,-0.408343914077658,1,228.426305371743
"Colombia-Quindio","Colombia",291700,8.23280423280423,0.6275,66.8611111111111,28.7691798941799,11,1.57142857142857,2.08315306364509,-0.713069401021319,1,827.665711783685
"Colombia-Narino","Colombia",376300,8.31613756613757,1.73185185185185,72.7724867724868,18.5277777777778,14,1.4,1.79751866645096,-0.522066889477592,1,343.278549382716
"Colombia-Vaupes","Colombia",16600,6.03174603174603,3.18916666666667,80.8134920634921,25.4603174603175,7,3.5,-Inf,0,0,648.227765180146
"Colombia-Choco","Colombia",108600,7.23346560846561,41.9281481481481,82.4206349206349,27.1084656084656,1,1,-Inf,0,0,734.868907645363
"Ecuador-Sucumbios","Ecuador",111960,7.05223880597015,0,81.5170575692964,25.6018123667377,25,2.77777777777778,2.21478695731633,-1.27278252150444,1,655.452796461645
"Ecuador-Santo_Domingo_de_los_Tsachilas","Ecuador",434850,7.65326876513317,45.3440677966102,73.1937046004843,25.1854721549637,144,5.33333333333333,2.66183111036656,0.0669106787509492,1,634.308007668451
"Ecuador-Santa_Elena","Ecuador",176370,3.27236652236652,2.96681818181818,80.4087301587302,24.7554112554113,35,2.33333333333333,1.97775306274919,-1.08219378888291,1,612.830386424542
"Ecuador-Pichincha","Ecuador",2644150,12.8985074626866,29.0701492537313,79.9040511727079,16.046908315565,41,3.72727272727273,2.37204537196041,-0.812312679264088,1,257.50326648815
"Ecuador-Manabi","Ecuador",313580,6.34328358208955,9.04776119402985,85.454157782516,25.2814498933902,1520,20.8219178082192,3.80234757448938,1.23837932477447,1,639.151708711999
"Ecuador-Los_Rios","Ecuador",203650,8.05117270788913,7.99835820895522,72.5245202558635,27.2174840085288,108,4.15384615384615,3.36404668902071,-0.0481429375566608,1,740.79143575452
"Ecuador-Guayas","Ecuador",2644890,8.05117270788913,7.99835820895522,72.5245202558635,27.2174840085288,1106,24.5777777777778,2.20818377974349,0.444471821612126,1,740.79143575452
"Ecuador-Galapagos","Ecuador",18960,6.32125088841507,2.74835820895522,79.0874200426439,25.4708599857854,6,3,-Inf,0,0,648.764708415482
"Ecuador-Esmeraldas","Ecuador",212950,5.2093105899076,3.26776119402985,79.7210376687989,26.0591329068941,141,8.8125,1.97794332541507,-0.705465421599812,1,679.078407859171
"Ecuador-El_Oro","Ecuador",279890,6.25159914712154,0,84.1165600568586,26.2942430703625,104,3.46666666666667,2.66002368675242,-0.213579571429668,1,691.387218643305
"Ecuador-Bolivar","Ecuador",13685,10.2046908315565,1.12074626865672,73.9339019189765,15.9431414356787,7,3.5,-Inf,0,0,254.183758838057
"Ecuador-Imbabura","Ecuador",211240,9.95,27.4920731707317,85.0574912891986,15.2376306620209,2,1,-Inf,0,0,232.18538819216
"Ecuador-Chimborazo","Ecuador",255770,11.5383373688458,0.658305084745763,71.6029055690073,15.0088781275222,2,1,-Inf,0,0,225.266422646814
"Ecuador-Azuay","Ecuador",603270,12.031746031746,9.22888888888889,61.2063492063492,16.1587301587302,3,1.5,-Inf,0,0,261.104560342656
"Mexico-Aguascalientes","Mexico",877190,17.1547619047619,10.4877083333333,43.2738095238095,18.8020833333333,4,2,-Inf,0,0,353.518337673611
"Mexico-Baja_California","Mexico",1641570,9.24228896103896,0.0403693181818182,35.5876623376623,22.2219696969697,4,1,-Inf,0,0,493.815937213039
"Mexico-Baja_California_Sur","Mexico",287671,11.5372023809524,0.991979166666667,53.5386904761905,25.1592261904762,16,2.28571428571429,2.53734503514033,-1.54988073376503,1,632.986662503543
"Mexico-Campeche","Mexico",283025,11.6458333333333,21.4831578947368,76.4196428571429,27.8526785714286,37,2.84615384615385,1.96239846594145,-1.48332172443637,1,775.771703603316
"Mexico-Chiapas","Mexico",598710,12.8839285714286,21.9101041666667,65.2440476190476,26.2395833333333,115,4.42307692307692,4.27149549287435,0.418916596804372,1,688.515733506944
"Mexico-Coahuila_de_Zaragoza","Mexico",807537,13.1875,7.77821052631579,47.5297619047619,24.0124007936508,35,4.375,3.30158697400559,-0.563051849752055,1,576.595391874921
"Mexico-Colima","Mexico",184541,14.0104166666667,7.89770833333333,61.7514880952381,26.6354166666667,25,2.77777777777778,2.49065569036023,-1.20683297292738,1,709.445421006944
"Mexico-Durango","Mexico",565300,16.5176651305684,10.1866315789474,44.6726190476191,20.8080357142857,1,1,-Inf,0,0,432.97435028699
"Mexico-Jalisco","Mexico",1460148,13.6333416875522,11.3127589473684,52.8821812596006,21.7876441102757,55,1.71875,2.76741858778178,-0.209532879236954,1,474.701435876031
"Mexico-Mexico","Mexico",1742000,15.1816770186335,56.9176829268293,67.0729166666667,13.9479166666667,15,3.75,0.606525531308102,-3.95782266015973,1,194.544379340278
"Mexico-Michoacan_de_Ocampo","Mexico",784776,10.8199404761905,0,65.8020833333333,19.0119047619048,29,1.70588235294118,3.17288441196386,-0.582284517571228,1,361.452522675737
"Mexico-Morelos","Mexico",366321,12.9508928571429,15.7408333333333,45.5610119047619,21.8407738095238,50,2.27272727272727,3.86603401730044,0.0162222029610163,1,477.019400598781
"Mexico-Nayarit","Mexico",413608,13.9955357142857,20.9194680851064,68.5416666666667,23.2619047619048,92,2.48648648648649,3.68371005628828,0.390438984514685,1,541.116213151927
"Mexico-Nuevo_Leon","Mexico",1109171,12.3188671186067,13.7006541666667,71.7141617063492,22.492151675485,95,3.27586206896552,3.17288323068623,-0.0244602363859698,1,505.896886993023
"Mexico-Oaxaca","Mexico",264251,16.7157738095238,13.7208333333333,57.2559523809524,21.4791666666667,45,3.75,2.43253074431546,-1.15945310815054,1,461.354600694445
"Mexico-Puebla","Mexico",1576259,16.7778485295927,4.57931630434783,67.5905797101449,14.6308574879227,64,3.2,2.38322118152102,-0.177007927103377,1,214.061990831904
"Mexico-Queretaro_de_Arteaga","Mexico",642100,15.3958333333333,14.0384375,58.2991071428571,19.108630952381,9,2.25,1.69004475653775,-2.21524740828556,1,365.139776874291
"Mexico-Quintana_Roo","Mexico",743626,6.58482142857143,16.6476041666667,81.1116071428571,26.1800595238095,53,2.40909090909091,2.89612121611895,-0.369462115040103,1,685.39551667021
"Mexico-San_Luis_Potosi","Mexico",824229,16.6547619047619,12.3059375,54.1011904761905,18.1830357142857,51,2.21739130434783,2.07427493860073,-0.389934197588,1,330.62278778699
"Mexico-Sinaloa","Mexico",905265,13.9833401166735,7.04823206751055,71.3579975579976,26.1165038665039,39,3,1.87881894945868,-1.49898110208418,1,682.071774209112
"Mexico-Sonora","Mexico",884273,17.1517857142857,9.79729166666667,40.0848214285714,25.3779761904762,25,2.77777777777778,1.62060079305395,-1.68025107910802,1,644.041675524376
"Mexico-Tabasco","Mexico",684847,9.32589285714286,25.0352127659574,79.1443452380952,26.5252976190476,71,2.21875,2.40848226638297,-0.263177177550863,1,703.591413779053
"Mexico-Tamaulipas","Mexico",646202,14.21875,12.2180208333333,61.7276785714286,24.4657738095238,56,2.43478260869565,3.06397763080076,-0.714336688207544,1,598.574088098781
"Mexico-Veracruz_de_Ignacio_de_la_Llave","Mexico",609964,8.06547619047619,15.0955789473684,77.2008928571429,25.6592261904762,102,3.77777777777778,2.76741930779763,0.201074614620967,1,658.395888694019
"Mexico-Yucatan","Mexico",892363,6.68303571428571,0,63.1711309523809,28.8234126984127,61,2.54166666666667,2.49065618691955,-0.382305568388866,1,830.789119583018
"Mexico-Zacatecas","Mexico",230865,16.0596546310832,0,44.8482142857143,15.8422619047619,1,1,-Inf,0,0,250.97726225907
"Guatemala-Zacapa","Guatemala",30036,11.5156794425087,0,57.1358885017422,28.7979094076655,261,7.90909090909091,3.75805939963804,1.16344961979069,1,829.319586252109
"Guatemala-Suchitepequez","Guatemala",40281,10.9442508710801,20.2641463414634,63.9547038327526,27.815331010453,144.5,7.60526315789474,3.58939990631217,0.456591397803462,1,773.692639221066
"Guatemala-Izabal","Guatemala",48581,8.6390977443609,25.0921212121212,85.1729323308271,26.5,61,2.54166666666667,1.93254496968962,0.0922089090178723,1,702.25
"Guatemala-Quetzaltenango","Guatemala",120496,9.66089800117578,47.3504054054054,86.3108465608466,22.7038139329806,317,8.56756756756757,4.05742974097938,1.27201564370963,1,515.463167103404
"Guatemala-El_Progreso","Guatemala",13931,12.3239538239538,6.97345454545455,63.6363636363636,28.3140933140933,74,3.89473684210526,2.58042194436261,0.381035902326618,1,801.687880199184
"Guatemala-Escuintla","Guatemala",86678,13.8397212543554,26.1985365853659,74.9337979094077,26.5296167247387,154,4.05263157894737,2.85760967884378,0.847701857162581,1,703.820563561534
"Guatemala-Chiquimula","Guatemala",37602,9.5191637630662,0,69.7073170731707,23.1358885017422,377,10.1891891891892,3.68441702410509,1.16281358612491,1,535.269336765045
"Guatemala-Alta_Verapaz","Guatemala",47202,10.5375939849624,2.36631578947368,75.8308270676692,20.1842105263158,43,4.3,3.46057358581924,0.678772796652769,1,407.402354570637
"Guatemala-Santa_Rosa","Guatemala",24085,11.0312925170068,6.333,75.5793650793651,19.7539682539683,395,12.741935483871,4.09606956084957,1.12585330184909,1,390.219261778786
"Guatemala-Retalhuleu","Guatemala",34300,6.39142857142857,63.9379310344828,82.6142857142857,21.3461904761905,82,4.82352941176471,2.43376935103894,0.113387538527026,1,455.659847845805
"Guatemala-Huehuetenango","Guatemala",57289,17.9761904761905,26.3594444444444,55.9047619047619,18.7857142857143,47,4.27272727272727,3.68372718220394,1.65895171158781,1,352.90306122449
"Guatemala-Sacatepequez","Guatemala",32218,10.6911976911977,6.55137931034483,75.5504201680672,19.9495798319328,37,2.05555555555556,1.73362857187499,-0.325287275097878,1,397.985735470659
"Guatemala-Jutiapa","Guatemala",28100,9.5191637630662,0,69.7073170731707,23.1358885017422,112,4.48,4.57027733295997,1.29346488427245,1,535.269336765045
"Guatemala-Jalapa","Guatemala",39301,12.4042207792208,7.10045454545455,63.6525974025974,28.3669432419432,130,7.64705882352941,4.22930015953763,1.02332223867263,1,804.683468891629
"Guatemala-San_Marcos","Guatemala",31783,13.1752819548872,13.4252368421053,67.5529448621554,19.2016499582289,71,5.91666666666667,2.92106874935322,-0.279412345012797,1,368.703361118352
"Guatemala-Baja_Verapaz","Guatemala",18080,12.7539682539683,29.575125,87.8348214285714,16.796626984127,69,5.30769230769231,2.34376486936212,0.0798512421654155,1,282.126678043903
"Guatemala-Solola","Guatemala",30155,15.5220634920635,14.83868,79.8219047619048,16.2656613756614,10,1.42857142857143,2.07428852820322,-0.589795800155724,1,264.571739987682
"Guatemala-Chimaltenango","Guatemala",62917,10.5963718820862,7.83166666666667,75.7823129251701,20.8707482993197,14,1.75,2.65996545619209,0.462997788839469,1,435.588134573557
